3 0.06875 0.4578125 0.053125 0.06875
3 0.09375 0.515625 0.0640625 0.0484375
3 0.0390625 0.39375 0.059375 0.0578125
3 0.278125 0.4328125 0.0578125 0.059375
3 0.3078125 0.3125 0.0671875 0.0453125
3 0.384375 0.33125 0.08125 0.0640625
3 0.340625 0.49375 0.0484375 0.0625
3 0.2140625 0.6359375 0.0375 0.04375
3 0.1546875 0.63125 0.04375 0.0234375
3 0.175 0.6359375 0.040625 0.0359375
3 0.40625 0.5046875 0.0515625 0.040625
3 0.425 0.68125 0.0375 0.0375
3 0.540625 0.6 0.05 0.0390625
3 0.4953125 0.6796875 0.040625 0.0296875
3 0.4421875 0.8875 0.0328125 0.0265625
3 0.55 0.8328125 0.046875 0.0203125
3 0.725 0.5296875 0.0484375 0.04375
3 0.7984375 0.5171875 0.05 0.0421875
3 0.771875 0.396875 0.0484375 0.0453125
3 0.5078125 0.3421875 0.0453125 0.0515625
3 0.5640625 0.3359375 0.040625 0.0375
3 0.4171875 0.56875 0.0328125 0.028125
3 0.584375 0.609375 0.0390625 0.0375