3 0.93125 0.4578125 0.053125 0.06875
3 0.90625 0.515625 0.0640625 0.0484375
3 0.9609375 0.39375 0.059375 0.0578125
3 0.721875 0.4328125 0.0578125 0.059375
3 0.6921875 0.3125 0.0671875 0.0453125
3 0.615625 0.33125 0.08125 0.0640625
3 0.659375 0.49375 0.0484375 0.0625
3 0.7859375 0.6359375 0.0375 0.04375
3 0.8453125 0.63125 0.04375 0.0234375
3 0.825 0.6359375 0.040625 0.0359375
3 0.59375 0.5046875 0.0515625 0.040625
3 0.575 0.68125 0.0375 0.0375
3 0.459375 0.6 0.05 0.0390625
3 0.5046875 0.6796875 0.040625 0.0296875
3 0.5578125 0.8875 0.0328125 0.0265625
3 0.45 0.8328125 0.046875 0.0203125
3 0.275 0.5296875 0.0484375 0.04375
3 0.2015625 0.5171875 0.05 0.0421875
3 0.228125 0.396875 0.0484375 0.0453125
3 0.4921875 0.3421875 0.0453125 0.0515625
3 0.4359375 0.3359375 0.040625 0.0375
3 0.5828125 0.56875 0.0328125 0.028125
3 0.415625 0.609375 0.0390625 0.0375