3 0.4574916387959866 0.9316722408026755 0.06926421404682274 0.05254180602006689
3 0.5160200668896321 0.9065886287625418 0.047792642140468224 0.06451505016722407
3 0.394180602006689 0.9615384615384616 0.057324414715719064 0.059732441471571904
3 0.4335785953177257 0.7214381270903011 0.059732441471571904 0.057324414715719064
3 0.3117391304347826 0.6927759197324415 0.045384615384615384 0.06688963210702341
3 0.3308695652173913 0.6163545150501673 0.06451505016722407 0.08123745819397993
3 0.49451505016722413 0.6593311036789298 0.06210702341137124 0.047792642140468224
3 0.6354515050167224 0.7859531772575251 0.04301003344481605 0.03822742474916388
3 0.6306688963210703 0.8456856187290971 0.023879598662207357 0.04301003344481605
3 0.6366555183946488 0.8253846153846154 0.03581939799331104 0.040602006688963216
3 0.5052508361204013 0.5930434782608696 0.040602006688963216 0.051371237458193976
3 0.681438127090301 0.5745484949832775 0.03702341137123746 0.03822742474916388
3 0.6002006688963211 0.459866220735786 0.039431438127090296 0.05016722408026756
3 0.6790635451505016 0.5052508361204013 0.029866220735785952 0.040602006688963216
3 0.8874916387959867 0.5578260869565217 0.026287625418060203 0.033444816053511704
3 0.8331438127090302 0.44969899665551843 0.020301003344481608 0.04658862876254181
3 0.5303344481605351 0.27531772575250835 0.04301003344481605 0.04896321070234114
3 0.5165886287625419 0.20187290969899666 0.04180602006688963 0.05016722408026756
3 0.39655518394648825 0.22872909698996655 0.045384615384615384 0.04896321070234114
3 0.34220735785953177 0.4921070234113712 0.051371237458193976 0.045384615384615384
3 0.33625418060200674 0.43598662207357863 0.03702341137123746 0.040602006688963216
3 0.568561872909699 0.5823076923076923 0.028662207357859532 0.03224080267558529
3 0.6097658862876254 0.41625418060200664 0.03702341137123746 0.039431438127090296