2 0.8738795986622074 0.33324414715719064 0.2522408026755853 0.312943143812709
2 0.04301003344481605 0.5446822742474917 0.0859866220735786 0.10033444816053512
2 0.08959866220735786 0.707123745819398 0.13140468227424748 0.12421404682274248
2 0.051371237458193976 0.9515050167224081 0.09317725752508361 0.09698996655518395
2 0.36311036789297657 0.3869899665551839 0.11468227424749164 0.12421404682274248
2 0.41448160535117057 0.34160535117056856 0.08839464882943143 0.14812709030100335
2 0.4694314381270904 0.3093645484949833 0.11227424749163879 0.16959866220735786
2 0.4527090301003345 0.1970903010033445 0.10270903010033446 0.10749163879598662
2 0.6032107023411372 0.312943143812709 0.11705685618729098 0.19588628762541807
2 0.6760535117056856 0.4873244147157191 0.23411371237458195 0.17678929765886287
2 0.8492642140468227 0.5589966555183946 0.11705685618729098 0.15287625418060202
2 0.5840802675585284 0.6999665551839465 0.1505016722408027 0.15287625418060202
2 0.7465217391304348 0.7035451505016723 0.1266220735785953 0.1457190635451505
2 0.6724749163879599 0.7525083612040134 0.09317725752508361 0.10511705685618729
2 0.5482608695652175 0.8014715719063544 0.11705685618729098 0.09795986622073578
2 0.5542140468227426 0.9042140468227425 0.1194314381270903 0.13140468227424748
2 0.641438127090301 0.9053846153846153 0.12183946488294314 0.1194314381270903
2 0.8003010033444816 0.8432775919732441 0.15287625418060202 0.12421404682274248