2 0.10989966555183946 0.4431438127090301 0.19110367892976587 0.22695652173913045
2 0.10989966555183946 0.6904013377926421 0.2054515050167224 0.1720066889632107
2 0.07645484949832776 0.7978929765886288 0.11468227424749164 0.10511705685618729
2 0.3117391304347826 0.7966889632107024 0.1266220735785953 0.22695652173913045
2 0.43478260869565216 0.8922742474916389 0.13856187290969899 0.16006688963210702
2 0.560200668896321 0.36551839464882946 0.16959866220735786 0.19110367892976587
2 0.39655518394648825 0.6330769230769231 0.19588628762541807 0.17678929765886287
2 0.27234113712374586 0.4431438127090301 0.23411371237458195 0.2126086956521739
2 0.20665551839464882 0.1982943143812709 0.11705685618729098 0.1576588628762542
2 0.3440133779264214 0.2819063545150502 0.12421404682274248 0.16244147157190636
2 0.3559531772575251 0.04418060200668897 0.17678929765886287 0.08839464882943143
2 0.6247157190635452 0.10869565217391304 0.18394648829431437 0.21739130434782608
2 0.8206020066889632 0.2842809364548495 0.2794983277591973 0.21023411371237458
2 0.9101672240802675 0.451505016722408 0.12421404682274248 0.16244147157190636
2 0.8265551839464883 0.655752508361204 0.1720066889632107 0.15528428093645485
2 0.6235117056856188 0.7322073578595318 0.1720066889632107 0.23648829431438126
2 0.6509698996655517 0.9431438127090301 0.18872909698996657 0.11371237458193979