2 0.07645484949832776 0.1194314381270903 0.13377926421404682 0.13377926421404682
2 0.1266220735785953 0.2305351170568562 0.10033444816053512 0.11227424749163879
2 0.27471571906354514 0.16244147157190636 0.06688963210702341 0.10033444816053512
2 0.29979933110367896 0.3237123745819398 0.09317725752508361 0.0788294314381271
2 0.24484949832775918 0.415685618729097 0.08839464882943143 0.06210702341137124
2 0.09675585284280937 0.40371237458193976 0.10270903010033446 0.12421404682274248
2 0.3380267558528428 0.5554180602006689 0.15528428093645485 0.1266220735785953
2 0.43478260869565216 0.4694314381270904 0.10511705685618729 0.11227424749163879
2 0.48852842809364544 0.40013377926421406 0.08361204013377926 0.10270903010033446
2 0.4383612040133779 0.17558528428093645 0.08361204013377926 0.06926421404682274
2 0.38819397993311033 0.11347826086956522 0.0788294314381271 0.07404682274247491
2 0.6844147157190635 0.08361204013377926 0.08839464882943143 0.1194314381270903
2 0.7119063545150502 0.3487959866220736 0.10033444816053512 0.10989966555183946
2 0.5446822742474917 0.30337792642140465 0.08123745819397993 0.08123745819397993
2 0.9448160535117057 0.3738795986622074 0.08361204013377926 0.10749163879598662
2 0.8624080267558529 0.26518394648829435 0.12421404682274248 0.13377926421404682
2 0.7990969899665552 0.7214381270903011 0.11705685618729098 0.18157190635451503
2 0.6497993311036789 0.7107023411371237 0.09555183946488294 0.09317725752508361
2 0.25321070234113713 0.7023411371237458 0.10989966555183946 0.10511705685618729
2 0.07762541806020067 0.6665217391304348 0.1457190635451505 0.13377926421404682
2 0.16364548494983278 0.8552173913043478 0.09317725752508361 0.10511705685618729
2 0.9173578595317726 0.7190635451505016 0.07167224080267559 0.10033444816053512