2 0.9185284280936454 0.1325752508361204 0.12183946488294314 0.15528428093645485
2 0.26876254180602005 0.13020066889632106 0.15528428093645485 0.13140468227424748
2 0.4096989966555184 0.3893979933110368 0.21739130434782608 0.17678929765886287
2 0.4777926421404683 0.5279598662207359 0.10511705685618729 0.08123745819397993
2 0.8421070234113712 0.46464882943143815 0.16006688963210702 0.18872909698996657
2 0.6473913043478261 0.677257525083612 0.13377926421404682 0.1505016722408027
2 0.7417725752508361 0.7728093645484949 0.12183946488294314 0.13615384615384615
2 0.9089966555183947 0.7859531772575251 0.10270903010033446 0.12899665551839465
2 0.7596655518394648 0.9245150501672241 0.12899665551839465 0.12899665551839465
2 0.519598662207358 0.7895317725752509 0.11705685618729098 0.13615384615384615
2 0.36311036789297657 0.729799331103679 0.09076923076923077 0.11227424749163879
2 0.37267558528428096 0.8229765886287626 0.1576588628762542 0.1505016722408027
2 0.06926421404682274 0.4479264214046823 0.10989966555183946 0.13615384615384615
2 0.03464882943143813 0.5566220735785954 0.06926421404682274 0.0859866220735786
2 0.09795986622073578 0.6473913043478261 0.10989966555183946 0.12899665551839465
2 0.09795986622073578 0.7572909698996656 0.12421404682274248 0.1194314381270903
2 0.11826086956521739 0.8564214046822742 0.1266220735785953 0.12183946488294314
2 0.09076923076923077 0.9574916387959866 0.11468227424749164 0.08505016722408026