2 0.13856187290969899 0.736989966555184 0.21023411371237458 0.1791638795986622
2 0.36431438127090304 0.7656521739130435 0.19351170568561873 0.16959866220735786
2 0.5530434782608696 0.8217725752508361 0.12183946488294314 0.2436789297658863
2 0.6868227424749165 0.8373244147157191 0.16006688963210702 0.22217391304347828
2 0.8731438127090301 0.5614046822742476 0.20304347826086958 0.27712374581939797
2 0.6951839464882944 0.612742474916388 0.10989966555183946 0.1982943143812709
2 0.6032107023411372 0.6151505016722408 0.12183946488294314 0.13615384615384615
2 0.3869899665551839 0.4419397993311036 0.1576588628762542 0.16244147157190636
2 0.48374581939799327 0.5219732441471572 0.12183946488294314 0.1505016722408027
2 0.6820401337792642 0.3822408026755853 0.21739130434782608 0.16244147157190636
2 0.4383612040133779 0.25682274247491643 0.1505016722408027 0.1648494983277592
2 0.5637792642140468 0.15287625418060202 0.14812709030100335 0.17678929765886287