2 0.05852842809364549 0.3392307692307693 0.11705685618729098 0.15287625418060202
2 0.0991304347826087 0.5960200668896322 0.10749163879598662 0.11705685618729098
2 0.15648829431438127 0.6581605351170569 0.07404682274247491 0.08839464882943143
2 0.21501672240802677 0.7226421404682274 0.0859866220735786 0.09317725752508361
2 0.3392307692307693 0.6593311036789298 0.08123745819397993 0.09555183946488294
2 0.41926421404682274 0.8779264214046822 0.16959866220735786 0.1266220735785953
2 0.2890635451505017 0.4801672240802675 0.06210702341137124 0.08123745819397993
2 0.47421404682274243 0.4610702341137124 0.05494983277591973 0.06210702341137124
2 0.38461538461538464 0.40371237458193976 0.07645484949832776 0.07645484949832776
2 0.3869899665551839 0.1648494983277592 0.09555183946488294 0.08123745819397993
2 0.6497993311036789 0.2579933110367893 0.057324414715719064 0.09555183946488294
2 0.4968896321070234 0.7142809364548495 0.09076923076923077 0.11468227424749164
2 0.7477257525083612 0.5136120401337793 0.10511705685618729 0.11468227424749164
2 0.9706020066889631 0.4622408026755853 0.058762541806020065 0.10270903010033446
2 0.8922742474916389 0.38461538461538464 0.06926421404682274 0.09555183946488294
2 0.9042140468227425 0.7883277591973245 0.0788294314381271 0.10989966555183946
2 0.7286287625418061 0.17795986622073579 0.10033444816053512 0.08361204013377926
2 0.815819397993311 0.20782608695652174 0.07404682274247491 0.09076923076923077