2 0.13615384615384615 0.5374916387959866 0.09555183946488294 0.1194314381270903
2 0.1648494983277592 0.39655518394648825 0.10033444816053512 0.07645484949832776
2 0.17558528428093645 0.6963545150501672 0.09795986622073578 0.06451505016722407
2 0.10153846153846154 0.7310033444816053 0.06926421404682274 0.12899665551839465
2 0.3559531772575251 0.42404682274247496 0.08123745819397993 0.08839464882943143
2 0.4658528428093645 0.5972240802675585 0.06210702341137124 0.07167224080267559
2 0.6653177257525084 0.5518394648829431 0.09795986622073578 0.10033444816053512
2 0.451505016722408 0.11826086956521739 0.11468227424749164 0.13140468227424748
2 0.30458193979933107 0.14334448160535118 0.0788294314381271 0.09555183946488294
2 0.9316722408026755 0.3440133779264214 0.0859866220735786 0.12421404682274248
2 0.8337458193979933 0.49331103678929766 0.08123745819397993 0.08361204013377926
2 0.7763879598662207 0.5255518394648829 0.07645484949832776 0.0859866220735786
2 0.8958528428093646 0.6569565217391304 0.09555183946488294 0.06210702341137124
2 0.8922742474916389 0.7907357859531773 0.08839464882943143 0.0859866220735786
2 0.6832441471571906 0.7775919732441472 0.0859866220735786 0.10749163879598662
2 0.6032107023411372 0.8181939799331103 0.08839464882943143 0.08361204013377926
2 0.8683612040133779 0.903010033444816 0.10749163879598662 0.10033444816053512