2 0.22695652173913045 0.8480602006688963 0.16244147157190636 0.18157190635451503
2 0.502876254180602 0.5566220735785954 0.2460535117056856 0.16722408026755853
2 0.5996321070234113 0.6521739130434783 0.14812709030100335 0.16722408026755853
2 0.4013377926421405 0.7763879598662207 0.23411371237458195 0.2436789297658863
2 0.7357859531772575 0.9324080267558529 0.15287625418060202 0.13521739130434782
2 0.9257190635451505 0.42879598662207363 0.13615384615384615 0.1457190635451505
2 0.21023411371237458 0.1517056856187291 0.09076923076923077 0.09795986622073578
2 0.15408026755852844 0.21501672240802677 0.08839464882943143 0.09555183946488294
2 0.09197324414715718 0.23531772575250837 0.09317725752508361 0.11705685618729098
2 0.04896321070234114 0.3022073578595318 0.09795986622073578 0.10749163879598662
2 0.08003344481605351 0.40371237458193976 0.16006688963210702 0.10989966555183946
2 0.29862876254180604 0.19110367892976587 0.0859866220735786 0.09555183946488294
2 0.36789297658862874 0.32608695652173914 0.15287625418060202 0.08839464882943143
2 0.25441471571906354 0.36073578595317723 0.11227424749163879 0.10033444816053512
2 0.38581939799331105 0.16364548494983278 0.10270903010033446 0.1266220735785953
2 0.42642140468227424 0.07645484949832776 0.09795986622073578 0.10989966555183946
2 0.4897324414715719 0.08240802675585285 0.08123745819397993 0.10270903010033446
2 0.47301003344481607 0.1648494983277592 0.09555183946488294 0.10989966555183946
2 0.4324080267558528 0.24484949832775918 0.10511705685618729 0.09795986622073578
2 0.5625752508361205 0.13020066889632106 0.08839464882943143 0.1457190635451505
2 0.7178595317725752 0.06451505016722407 0.11227424749163879 0.12899665551839465
2 0.7250501672240802 0.1982943143812709 0.13140468227424748 0.07167224080267559
2 0.9149498327759197 0.07404682274247491 0.10511705685618729 0.14812709030100335
2 0.8325418060200669 0.06568561872909699 0.07404682274247491 0.06451505016722407
2 0.7692307692307693 0.13020066889632106 0.0859866220735786 0.06451505016722407