2 0.2209698996655518 0.6748829431438127 0.14093645484949832 0.11227424749163879
2 0.2854849498327759 0.5709364548494984 0.11227424749163879 0.10511705685618729
2 0.13140468227424748 0.5363210702341138 0.0859866220735786 0.08361204013377926
2 0.3523745819397993 0.4765886287625418 0.10749163879598662 0.13615384615384615
2 0.5291304347826087 0.4658528428093645 0.14093645484949832 0.11468227424749164
2 0.4096989966555184 0.7799665551839465 0.13140468227424748 0.09795986622073578
2 0.6629096989966555 0.5781270903010034 0.10749163879598662 0.12421404682274248
2 0.6366555183946488 0.41926421404682274 0.07404682274247491 0.059732441471571904
2 0.6832441471571906 0.4527090301003345 0.07645484949832776 0.08839464882943143
2 0.7226421404682274 0.459866220735786 0.06926421404682274 0.08839464882943143
2 0.7023411371237458 0.538695652173913 0.08123745819397993 0.08839464882943143
2 0.7656521739130435 0.5183946488294314 0.059732441471571904 0.07645484949832776
2 0.8134113712374582 0.43715719063545155 0.07404682274247491 0.06688963210702341
2 0.8528428093645485 0.4909364548494983 0.10511705685618729 0.08361204013377926