2 0.19946488294314382 0.5781270903010034 0.23173913043478264 0.26755852842809363
2 0.3906020066889632 0.6461872909698997 0.1648494983277592 0.19351170568561873
2 0.4897324414715719 0.6593311036789298 0.1194314381270903 0.11468227424749164
2 0.6330769230769231 0.900133779264214 0.2054515050167224 0.1996989966555184
2 0.40732441471571906 0.49451505016722413 0.20782608695652174 0.13377926421404682
2 0.49809364548494983 0.5637792642140468 0.08361204013377926 0.09076923076923077
2 0.3368227424749164 0.3559531772575251 0.19110367892976587 0.18157190635451503
2 0.4777926421404683 0.36909698996655516 0.10033444816053512 0.1457190635451505
2 0.35354515050167223 0.2197658862876254 0.16722408026755853 0.12421404682274248
2 0.394180602006689 0.06331103678929766 0.1576588628762542 0.12183946488294314
2 0.6963545150501672 0.2794983277591973 0.1648494983277592 0.16722408026755853
2 0.8858193979933111 0.2233779264214047 0.22839464882943145 0.2126086956521739
2 0.8898662207357859 0.3702675585284281 0.16006688963210702 0.0859866220735786
2 0.9006354515050168 0.4503010033444816 0.15287625418060202 0.11227424749163879