4 0.7828125 0.6109375 0.171875 0.325
4 0.7578125 0.1625 0.1453125 0.2609375
4 0.6265625 0.08203125 0.103125 0.1640625
4 0.49375 0.12265625 0.2 0.2453125
4 0.6078125 0.3625 0.1765625 0.190625
4 0.6421875 0.4828125 0.175 0.1171875
4 0.5875 0.7515625 0.171875 0.1484375
4 0.703125 0.9015625 0.15 0.175
4 0.50625 0.9296875 0.184375 0.121875
4 0.4921875 0.7859375 0.15 0.165625
4 0.3921875 0.6609375 0.140625 0.2578125
4 0.4671875 0.5875 0.1390625 0.2
4 0.215625 0.5171875 0.1546875 0.225
4 0.0859375 0.40625 0.1703125 0.1984375
4 0.10625 0.2515625 0.2109375 0.2046875
4 0.378125 0.4015625 0.1390625 0.1703125
4 0.4796875 0.3328125 0.1359375 0.1984375