4 0.2171875 0.3890625 0.171875 0.325
4 0.2421875 0.8375 0.1453125 0.2609375
4 0.3734375 0.91796875 0.103125 0.1640625
4 0.50625 0.87734375 0.2 0.2453125
4 0.3921875 0.6375 0.1765625 0.190625
4 0.3578125 0.5171875 0.175 0.1171875
4 0.4125 0.2484375 0.171875 0.1484375
4 0.296875 0.0984375 0.15 0.175
4 0.49375 0.0703125 0.184375 0.121875
4 0.5078125 0.2140625 0.15 0.165625
4 0.6078125 0.3390625 0.140625 0.2578125
4 0.5328125 0.4125 0.1390625 0.2
4 0.784375 0.4828125 0.1546875 0.225
4 0.9140625 0.59375 0.1703125 0.1984375
4 0.89375 0.7484375 0.2109375 0.2046875
4 0.621875 0.5984375 0.1390625 0.1703125
4 0.5203125 0.6671875 0.1359375 0.1984375