4 0.21739130434782608 0.3893979933110368 0.1720066889632107 0.3248829431438127
4 0.24247491638795987 0.8373244147157191 0.1457190635451505 0.26040133779264213
4 0.3738795986622074 0.9180602006688964 0.10270903010033446 0.16387959866220736
4 0.5064548494983278 0.8774581939799332 0.20066889632107024 0.24511705685618732
4 0.39177257525083614 0.6378260869565218 0.17678929765886287 0.19110367892976587
4 0.35715719063545154 0.517190635451505 0.17438127090301003 0.11705685618729098
4 0.41327759197324415 0.24846153846153848 0.1720066889632107 0.14812709030100335
4 0.2974247491638796 0.0991304347826087 0.1505016722408027 0.17438127090301003
4 0.49331103678929766 0.07046822742474916 0.18394648829431437 0.12183946488294314
4 0.5076588628762542 0.21381270903010033 0.1505016722408027 0.1648494983277592
4 0.6079933110367892 0.3392307692307693 0.14093645484949832 0.2579933110367893
4 0.5327424749163879 0.41327759197324415 0.13856187290969899 0.20066889632107024
4 0.7847491638795986 0.48257525083612035 0.15528428093645485 0.22454849498327759
4 0.9144816053511706 0.5936454849498328 0.17103678929765886 0.1982943143812709
4 0.894180602006689 0.7477257525083612 0.21167224080267558 0.2054515050167224
4 0.6211036789297659 0.598428093645485 0.13856187290969899 0.16959866220735786
4 0.519598662207358 0.6676923076923077 0.13615384615384615 0.1982943143812709