4 0.6109375 0.2171875 0.325 0.171875
4 0.1625 0.2421875 0.2609375 0.1453125
4 0.08203125 0.3734375 0.1640625 0.103125
4 0.12265625 0.50625 0.2453125 0.2
4 0.3625 0.3921875 0.190625 0.1765625
4 0.4828125 0.3578125 0.1171875 0.175
4 0.7515625 0.4125 0.1484375 0.171875
4 0.9015625 0.296875 0.175 0.15
4 0.9296875 0.49375 0.121875 0.184375
4 0.7859375 0.5078125 0.165625 0.15
4 0.6609375 0.6078125 0.2578125 0.140625
4 0.5875 0.5328125 0.2 0.1390625
4 0.5171875 0.784375 0.225 0.1546875
4 0.40625 0.9140625 0.1984375 0.1703125
4 0.2515625 0.89375 0.2046875 0.2109375
4 0.4015625 0.621875 0.1703125 0.1390625
4 0.3328125 0.5203125 0.1984375 0.1359375