6 0.4665551839464883 0.459866220735786 0.06688963210702341 0.09364548494983277
6 0.5 0.4882943143812709 0.06020066889632107 0.0802675585284281
6 0.5936454849498328 0.4816053511705686 0.06020066889632107 0.08361204013377926
6 0.5702341137123745 0.41304347826086957 0.07357859531772576 0.07692307692307693
6 0.45819397993311034 0.3294314381270903 0.05016722408026756 0.07692307692307693
6 0.5083612040133779 0.2826086956521739 0.05351170568561873 0.0802675585284281
6 0.1605351170568562 0.41638795986622074 0.06354515050167224 0.05351170568561873
6 0.1605351170568562 0.47491638795986624 0.06354515050167224 0.06354515050167224
6 0.048494983277591976 0.33277591973244147 0.06354515050167224 0.07023411371237458
6 0.02508361204013378 0.41638795986622074 0.03678929765886288 0.06354515050167224
6 0.09197324414715718 0.6053511705685619 0.05016722408026756 0.03678929765886288
6 0.24414715719063546 0.5919732441471572 0.05016722408026756 0.07023411371237458
6 0.38127090301003347 0.6270903010033445 0.05351170568561873 0.06020066889632107
6 0.3494983277591973 0.5150501672240803 0.07357859531772576 0.0802675585284281
6 0.6923076923076923 0.7090301003344481 0.05351170568561873 0.03678929765886288