7 0.14812709030100335 0.6688963210702341 0.047792642140468224 0.057324414715719064
7 0.0859866220735786 0.481371237458194 0.0859866220735786 0.12183946488294314
7 0.20903010033444816 0.4383612040133779 0.06926421404682274 0.08361204013377926
7 0.3511705685618729 0.39535117056856184 0.05254180602006689 0.0788294314381271
7 0.16364548494983278 0.312943143812709 0.059732441471571904 0.08123745819397993
7 0.5506354515050167 0.4610702341137124 0.03581939799331104 0.06210702341137124
7 0.5733444816053512 0.5124080267558528 0.04301003344481605 0.05016722408026756
7 0.4586622073578595 0.6569565217391304 0.07167224080267559 0.08123745819397993
7 0.5315384615384615 0.6175250836120401 0.045384615384615384 0.059732441471571904
7 0.38819397993311033 0.5805016722408026 0.045384615384615384 0.05254180602006689
7 0.39655518394648825 0.5124080267558528 0.047792642140468224 0.059732441471571904
7 0.4479264214046823 0.495685618729097 0.05494983277591973 0.08361204013377926
7 0.68561872909699 0.5697658862876255 0.07645484949832776 0.07404682274247491
7 0.41448160535117057 0.3595317725752508 0.05494983277591973 0.05494983277591973