7 0.1488294314381271 0.6688963210702341 0.046822742474916385 0.056856187290969896
7 0.08528428093645485 0.4816053511705686 0.08695652173913043 0.12040133779264214
7 0.20903010033444816 0.43812709030100333 0.07023411371237458 0.08361204013377926
7 0.3511705685618729 0.39464882943143814 0.05351170568561873 0.0802675585284281
7 0.16387959866220736 0.31270903010033446 0.06020066889632107 0.0802675585284281
7 0.5501672240802675 0.46153846153846156 0.03678929765886288 0.06354515050167224
7 0.5735785953177257 0.5117056856187291 0.043478260869565216 0.05016722408026756
7 0.45819397993311034 0.657190635451505 0.07023411371237458 0.0802675585284281
7 0.5317725752508361 0.617056856187291 0.046822742474916385 0.06020066889632107
7 0.3879598662207358 0.580267558528428 0.046822742474916385 0.05351170568561873
7 0.3963210702341137 0.5117056856187291 0.046822742474916385 0.06020066889632107
7 0.44816053511705684 0.49498327759197325 0.05351170568561873 0.08361204013377926
7 0.68561872909699 0.5702341137123745 0.07692307692307693 0.07357859531772576
7 0.41471571906354515 0.3595317725752508 0.05351170568561873 0.05351170568561873