7 0.3475919732441472 0.21023411371237458 0.06451505016722407 0.07167224080267559
7 0.3869899665551839 0.21501672240802677 0.047792642140468224 0.06688963210702341
7 0.37505016722408024 0.3392307692307693 0.06210702341137124 0.08123745819397993
7 0.4120735785953177 0.30698996655518396 0.03107023411371237 0.05494983277591973
7 0.4431438127090301 0.28785953177257523 0.05494983277591973 0.09795986622073578
7 0.48494983277591974 0.17438127090301003 0.033444816053511704 0.057324414715719064
7 0.52438127090301 0.21618729096989966 0.06926421404682274 0.08839464882943143
7 0.5434782608695652 0.2520401337792642 0.026287625418060203 0.08839464882943143
7 0.6922408026755853 0.2176923076923077 0.05555183946488294 0.07709030100334448
7 0.629866220735786 0.2846153846153846 0.04876254180602007 0.0680267558528428
7 0.6605016722408027 0.3339130434782609 0.060100334448160535 0.06688963210702341
7 0.7194314381270903 0.4439130434782608 0.04193979933110368 0.08732441471571906
7 0.6791973244147158 0.5533444816053511 0.04307692307692308 0.0680267558528428
7 0.47849498327759193 0.44561872909699 0.045351170568561874 0.08391304347826087
7 0.502876254180602 0.5130769230769231 0.05103678929765886 0.0737123745819398
7 0.43086956521739134 0.38324414715719063 0.05668896321070234 0.08842809364548496
7 0.1825418060200669 0.4988963210702341 0.038561872909698994 0.04762541806020067
7 0.15648829431438127 0.44732441471571904 0.0340133779264214 0.04648829431438127
7 0.13210702341137123 0.5646822742474916 0.06461538461538462 0.07030100334448161
7 0.0748494983277592 0.38665551839464884 0.04762541806020067 0.09525083612040133
7 0.10147157190635452 0.22110367892976587 0.04193979933110368 0.07030100334448161
7 0.15762541806020067 0.12190635451505018 0.05217391304347826 0.06237458193979933
7 0.054983277591973245 0.17347826086956522 0.053277591973244144 0.05668896321070234
7 0.04026755852842809 0.2749498327759197 0.05103678929765886 0.071438127090301
7 0.255685618729097 0.09468227424749164 0.05555183946488294 0.06688963210702341
7 0.2823411371237458 0.14625418060200668 0.04762541806020067 0.06351170568561873
7 0.7681939799331103 0.06351170568561873 0.057826086956521736 0.08163879598662208
7 0.8781939799331103 0.10374581939799331 0.053277591973244144 0.06237458193979933
7 0.9836120401337793 0.08842809364548496 0.032809364548494986 0.06351170568561873
7 0.7835117056856188 0.2970903010033445 0.049899665551839466 0.0725752508361204
7 0.8248829431438126 0.2823411371237458 0.04193979933110368 0.07030100334448161
7 0.8436120401337793 0.32882943143812704 0.045351170568561874 0.07936454849498328
7 0.8855518394648828 0.2863210702341137 0.049899665551839466 0.0737123745819398
7 0.9139130434782609 0.26307692307692304 0.0362876254180602 0.04762541806020067
7 0.9263879598662208 0.3140802675585284 0.04307692307692308 0.05441471571906354
7 0.9626755852842809 0.26645484949832776 0.0362876254180602 0.06351170568561873
7 0.9750836120401338 0.3617056856187291 0.04979933110367893 0.06351170568561873
7 0.9184280936454849 0.3826755852842809 0.038561872909698994 0.04648829431438127
7 0.8708361204013377 0.40762541806020064 0.05217391304347826 0.0737123745819398
7 0.9099331103678929 0.4490301003344481 0.035150501672240805 0.05441471571906354
7 0.9824749163879598 0.4444816053511706 0.03508361204013378 0.08842809364548496
7 0.942809364548495 0.48983277591973245 0.05103678929765886 0.04762541806020067
7 0.9462207357859532 0.5301003344481605 0.057826086956521736 0.05103678929765886
7 0.9479264214046823 0.5845150501672242 0.0340133779264214 0.053277591973244144
7 0.9666220735785953 0.640066889632107 0.03060200668896321 0.04421404682274248
7 0.9139130434782609 0.6173913043478261 0.049899665551839466 0.04421404682274248
7 0.8566555183946488 0.5947157190635451 0.04421404682274248 0.053277591973244144
7 0.8339799331103679 0.5420066889632107 0.04876254180602007 0.05668896321070234
7 0.7653846153846153 0.5487959866220736 0.05217391304347826 0.07030100334448161
7 0.9706020066889631 0.7097993311036789 0.05441471571906354 0.07936454849498328
7 0.9144816053511706 0.6689966555183946 0.04193979933110368 0.05896321070234113
7 0.8821739130434783 0.7097993311036789 0.05217391304347826 0.049899665551839466
7 0.8600334448160535 0.6655852842809364 0.04648829431438127 0.06351170568561873
7 0.786923076923077 0.6610367892976589 0.06351170568561873 0.06575250836120401
7 0.8453177257525084 0.7523411371237457 0.035150501672240805 0.05103678929765886
7 0.8889632107023412 0.7710367892976588 0.049899665551839466 0.06123745819397993
7 0.9314715719063544 0.8022073578595318 0.057826086956521736 0.060100334448160535
7 0.925819397993311 0.8787625418060201 0.0374247491638796 0.06351170568561873
7 0.8453177257525084 0.8623076923076922 0.04876254180602007 0.05555183946488294
7 0.8328428093645486 0.8180936454849499 0.053277591973244144 0.060100334448160535
7 0.8572240802675586 0.9059866220735785 0.06123745819397993 0.05896321070234113
7 0.821505016722408 0.9626086956521739 0.03969899665551839 0.07474916387959867
7 0.6814715719063544 0.6168227424749164 0.05217391304347826 0.05896321070234113
7 0.7324749163879598 0.7330434782608696 0.06575250836120401 0.08277591973244147
7 0.6978929765886287 0.7863545150501673 0.05103678929765886 0.06461538461538462
7 0.7392976588628762 0.8084615384615385 0.04762541806020067 0.045351170568561874
7 0.7398662207357859 0.8798996655518394 0.0374247491638796 0.04762541806020067
7 0.6219397993311037 0.7245484949832776 0.04193979933110368 0.04762541806020067
7 0.4467558528428094 0.5697658862876255 0.04762541806020067 0.060100334448160535
7 0.4150167224080268 0.6083277591973244 0.038561872909698994 0.071438127090301
7 0.3883612040133779 0.6088963210702342 0.03060200668896321 0.06123745819397993
7 0.36963210702341137 0.5691973244147157 0.022675585284280937 0.049899665551839466
7 0.34695652173913044 0.5442474916387959 0.029464882943143814 0.05217391304347826
7 0.2993311036789298 0.5748829431438126 0.04307692307692308 0.05896321070234113
7 0.3254180602006689 0.6621739130434783 0.0362876254180602 0.07709030100334448
7 0.3480936454849498 0.6627424749163879 0.0362876254180602 0.04876254180602007
7 0.4019732441471572 0.6865551839464883 0.0374247491638796 0.04648829431438127
7 0.4246488294314381 0.6809030100334448 0.03969899665551839 0.04421404682274248
7 0.4643143812709031 0.652541806020067 0.035150501672240805 0.05555183946488294
7 0.49153846153846154 0.6888294314381271 0.04648829431438127 0.07822742474916389
7 0.508561872909699 0.7205685618729096 0.04193979933110368 0.08505016722408026
7 0.5329096989966555 0.7222742474916388 0.0340133779264214 0.05217391304347826
7 0.534046822742475 0.7761538461538461 0.0362876254180602 0.053277591973244144
7 0.560133779264214 0.7642474916387959 0.0362876254180602 0.05668896321070234
7 0.4756521739130435 0.8146822742474916 0.035150501672240805 0.05555183946488294
7 0.5346153846153846 0.8390635451505016 0.04193979933110368 0.08618729096989966
7 0.5663879598662207 0.8407692307692307 0.04421404682274248 0.08732441471571906
7 0.6287290969899666 0.8475919732441471 0.04876254180602007 0.06461538461538462
7 0.2295986622073579 0.7744481605351171 0.057826086956521736 0.06575250836120401
7 0.19444816053511707 0.7880602006688963 0.04193979933110368 0.05668896321070234
7 0.20127090301003345 0.8515384615384616 0.03060200668896321 0.05217391304347826
7 0.23755852842809366 0.8606020066889631 0.04193979933110368 0.05217391304347826
7 0.13324414715719066 0.8617391304347827 0.04193979933110368 0.05896321070234113
7 0.3259866220735786 0.7551505016722407 0.04876254180602007 0.0680267558528428
7 0.3605685618729097 0.7336120401337792 0.04083612040133779 0.04307692307692308
7 0.3974247491638796 0.7693311036789298 0.04876254180602007 0.08956521739130435
7 0.38324414715719063 0.8577926421404682 0.05217391304347826 0.0737123745819398
7 0.332809364548495 0.83 0.05555183946488294 0.06351170568561873
7 0.3214715719063545 0.8940802675585284 0.05555183946488294 0.09183946488294314
7 0.3458193979933111 0.9807692307692307 0.04762541806020067 0.038461538461538464
7 0.3883612040133779 0.9779264214046822 0.035150501672240805 0.04414715719063545
7 0.4348494983277592 0.9682943143812709 0.04648829431438127 0.0634113712374582
7 0.4830434782608696 0.9433779264214046 0.05441471571906354 0.05441471571906354
7 0.5351839464882944 0.9711371237458194 0.045351170568561874 0.057759197324414716
7 0.5663879598662207 0.9767892976588629 0.032876254180602006 0.04642140468227425
7 0.670133779264214 0.9286622073578595 0.038561872909698994 0.0680267558528428
7 0.12076923076923077 0.9563879598662207 0.08732441471571906 0.08722408026755853