7 0.34782608695652173 0.21070234113712374 0.06354515050167224 0.07023411371237458
7 0.3862876254180602 0.2157190635451505 0.046822742474916385 0.06688963210702341
7 0.3745819397993311 0.3394648829431438 0.06354515050167224 0.0802675585284281
7 0.411371237458194 0.3076923076923077 0.030100334448160536 0.05351170568561873
7 0.4431438127090301 0.28762541806020064 0.05351170568561873 0.09698996655518395
7 0.48494983277591974 0.17391304347826086 0.033444816053511704 0.056856187290969896
7 0.5250836120401338 0.2157190635451505 0.07023411371237458 0.08695652173913043
7 0.5434782608695652 0.2525083612040134 0.026755852842809364 0.08695652173913043
7 0.6923076923076923 0.21739130434782608 0.056856187290969896 0.07692307692307693
7 0.6304347826086957 0.2842809364548495 0.05016722408026756 0.06688963210702341
7 0.6605351170568562 0.33444816053511706 0.06020066889632107 0.06688963210702341
7 0.7190635451505016 0.4431438127090301 0.043478260869565216 0.08695652173913043
7 0.6789297658862876 0.5535117056856187 0.043478260869565216 0.06688963210702341
7 0.4782608695652174 0.44481605351170567 0.046822742474916385 0.08361204013377926
7 0.5033444816053512 0.5133779264214047 0.05016722408026756 0.07357859531772576
7 0.431438127090301 0.38294314381270905 0.056856187290969896 0.08695652173913043
7 0.18227424749163879 0.4983277591973244 0.04013377926421405 0.046822742474916385
7 0.15719063545150502 0.44816053511705684 0.033444816053511704 0.046822742474916385
7 0.13210702341137123 0.5652173913043478 0.06354515050167224 0.07023411371237458
7 0.07525083612040134 0.3862876254180602 0.046822742474916385 0.09364548494983277
7 0.1020066889632107 0.22073578595317725 0.043478260869565216 0.07023411371237458
7 0.15719063545150502 0.12207357859531773 0.05351170568561873 0.06354515050167224
7 0.05518394648829431 0.17391304347826086 0.05351170568561873 0.056856187290969896
7 0.04013377926421405 0.27424749163879597 0.05016722408026756 0.07023411371237458
7 0.25585284280936454 0.09531772575250837 0.056856187290969896 0.06688963210702341
7 0.2826086956521739 0.1454849498327759 0.046822742474916385 0.06354515050167224
7 0.7675585284280937 0.06354515050167224 0.056856187290969896 0.0802675585284281
7 0.8779264214046822 0.10367892976588629 0.05351170568561873 0.06354515050167224
7 0.9832775919732442 0.08862876254180602 0.033444816053511704 0.06354515050167224
7 0.7842809364548495 0.2976588628762542 0.05016722408026756 0.07357859531772576
7 0.8244147157190636 0.2826086956521739 0.043478260869565216 0.07023411371237458
7 0.842809364548495 0.3294314381270903 0.046822742474916385 0.0802675585284281
7 0.8862876254180602 0.28595317725752506 0.05016722408026756 0.07357859531772576
7 0.9147157190635451 0.2625418060200669 0.03678929765886288 0.046822742474916385
7 0.9264214046822743 0.31438127090301005 0.043478260869565216 0.05351170568561873
7 0.9632107023411371 0.26588628762541805 0.03678929765886288 0.06354515050167224
7 0.9749163879598662 0.3612040133779264 0.05016722408026756 0.06354515050167224
7 0.9180602006688964 0.38294314381270905 0.04013377926421405 0.046822742474916385
7 0.8712374581939799 0.4080267558528428 0.05351170568561873 0.07357859531772576
7 0.9096989966555183 0.4498327759197324 0.03678929765886288 0.05351170568561873
7 0.9832775919732442 0.44481605351170567 0.033444816053511704 0.08695652173913043
7 0.9431438127090301 0.4899665551839465 0.05016722408026756 0.046822742474916385
7 0.9464882943143813 0.5301003344481605 0.056856187290969896 0.05016722408026756
7 0.9481605351170569 0.5852842809364549 0.033444816053511704 0.05351170568561873
7 0.9665551839464883 0.6404682274247492 0.030100334448160536 0.043478260869565216
7 0.9147157190635451 0.617056856187291 0.05016722408026756 0.043478260869565216
7 0.8561872909698997 0.5953177257525084 0.043478260869565216 0.05351170568561873
7 0.8344481605351171 0.5418060200668896 0.05016722408026756 0.056856187290969896
7 0.7658862876254181 0.5484949832775919 0.05351170568561873 0.07023411371237458
7 0.9698996655518395 0.7090301003344481 0.05351170568561873 0.0802675585284281
7 0.9147157190635451 0.6688963210702341 0.043478260869565216 0.06020066889632107
7 0.882943143812709 0.7090301003344481 0.05351170568561873 0.05016722408026756
7 0.8595317725752508 0.6655518394648829 0.046822742474916385 0.06354515050167224
7 0.7876254180602007 0.6605351170568562 0.06354515050167224 0.06688963210702341
7 0.8461538461538461 0.7525083612040134 0.03678929765886288 0.05016722408026756
7 0.8896321070234113 0.7709030100334449 0.05016722408026756 0.06020066889632107
7 0.931438127090301 0.802675585284281 0.056856187290969896 0.06020066889632107
7 0.9264214046822743 0.8795986622073578 0.03678929765886288 0.06354515050167224
7 0.8461538461538461 0.862876254180602 0.05016722408026756 0.056856187290969896
7 0.8327759197324415 0.8177257525083612 0.05351170568561873 0.06020066889632107
7 0.8578595317725752 0.9063545150501672 0.06020066889632107 0.06020066889632107
7 0.8210702341137124 0.9632107023411371 0.04013377926421405 0.07357859531772576
7 0.6822742474916388 0.617056856187291 0.05351170568561873 0.06020066889632107
7 0.7324414715719063 0.7324414715719063 0.06688963210702341 0.08361204013377926
7 0.697324414715719 0.7859531772575251 0.05016722408026756 0.06354515050167224
7 0.7391304347826086 0.8076923076923077 0.046822742474916385 0.046822742474916385
7 0.7391304347826086 0.8795986622073578 0.03678929765886288 0.046822742474916385
7 0.6220735785953178 0.7240802675585284 0.043478260869565216 0.046822742474916385
7 0.44648829431438125 0.5702341137123745 0.046822742474916385 0.06020066889632107
7 0.41471571906354515 0.6086956521739131 0.04013377926421405 0.07023411371237458
7 0.3879598662207358 0.6086956521739131 0.030100334448160536 0.06020066889632107
7 0.3695652173913043 0.568561872909699 0.023411371237458192 0.05016722408026756
7 0.34615384615384615 0.5434782608695652 0.030100334448160536 0.05351170568561873
7 0.2993311036789298 0.5752508361204013 0.043478260869565216 0.06020066889632107
7 0.32608695652173914 0.6622073578595318 0.03678929765886288 0.07692307692307693
7 0.34782608695652173 0.6622073578595318 0.03678929765886288 0.05016722408026756
7 0.4013377926421405 0.6872909698996655 0.03678929765886288 0.046822742474916385
7 0.42474916387959866 0.6806020066889632 0.04013377926421405 0.043478260869565216
7 0.46488294314381273 0.6521739130434783 0.03678929765886288 0.056856187290969896
7 0.4916387959866221 0.6889632107023411 0.046822742474916385 0.07692307692307693
7 0.5083612040133779 0.7207357859531772 0.043478260869565216 0.08361204013377926
7 0.5334448160535117 0.7224080267558528 0.033444816053511704 0.05351170568561873
7 0.5334448160535117 0.7759197324414716 0.03678929765886288 0.05351170568561873
7 0.560200668896321 0.7642140468227425 0.03678929765886288 0.056856187290969896
7 0.47491638795986624 0.81438127090301 0.03678929765886288 0.056856187290969896
7 0.5351170568561873 0.8394648829431438 0.043478260869565216 0.08695652173913043
7 0.5668896321070234 0.8411371237458194 0.043478260869565216 0.08695652173913043
7 0.6287625418060201 0.8478260869565217 0.05016722408026756 0.06354515050167224
7 0.22909698996655517 0.774247491638796 0.056856187290969896 0.06688963210702341
7 0.1939799331103679 0.7876254180602007 0.043478260869565216 0.056856187290969896
7 0.20066889632107024 0.8511705685618729 0.030100334448160536 0.05351170568561873
7 0.23745819397993312 0.8612040133779264 0.043478260869565216 0.05351170568561873
7 0.13377926421404682 0.8612040133779264 0.043478260869565216 0.06020066889632107
7 0.32608695652173914 0.7558528428093646 0.05016722408026756 0.06688963210702341
7 0.3612040133779264 0.7341137123745819 0.04013377926421405 0.043478260869565216
7 0.3979933110367893 0.7692307692307693 0.05016722408026756 0.0903010033444816
7 0.38294314381270905 0.8578595317725752 0.05351170568561873 0.07357859531772576
7 0.33277591973244147 0.8294314381270903 0.056856187290969896 0.06354515050167224
7 0.3210702341137124 0.8946488294314381 0.056856187290969896 0.0903010033444816
7 0.34615384615384615 0.9816053511705686 0.046822742474916385 0.04013377926421405
7 0.3879598662207358 0.9782608695652174 0.03678929765886288 0.043478260869565216
7 0.43478260869565216 0.9682274247491639 0.046822742474916385 0.06354515050167224
7 0.48327759197324416 0.9431438127090301 0.05351170568561873 0.05351170568561873
7 0.5351170568561873 0.9715719063545151 0.046822742474916385 0.056856187290969896
7 0.5668896321070234 0.9765886287625418 0.033444816053511704 0.046822742474916385
7 0.6705685618729097 0.9280936454849499 0.04013377926421405 0.06688963210702341
7 0.12040133779264214 0.9565217391304348 0.08695652173913043 0.08695652173913043