7 0.35474916387959865 0.5554180602006689 0.1457190635451505 0.23173913043478264
7 0.21501672240802677 0.4120735785953177 0.12421404682274248 0.1457190635451505
7 0.5219732441471572 0.5339130434782609 0.10749163879598662 0.08361204013377926
7 0.4909364548494983 0.619933110367893 0.08361204013377926 0.09317725752508361
7 0.5709364548494984 0.39297658862876256 0.10511705685618729 0.11705685618729098
7 0.6784615384615386 0.47060200668896324 0.09076923076923077 0.09555183946488294
7 0.6032107023411372 0.5374916387959866 0.06926421404682274 0.10511705685618729
7 0.6999665551839465 0.5936454849498328 0.05254180602006689 0.10270903010033446
7 0.7596655518394648 0.5781270903010034 0.10033444816053512 0.1720066889632107
7 0.6163545150501673 0.7083277591973244 0.06210702341137124 0.1266220735785953
7 0.5482608695652175 0.6701003344481605 0.08361204013377926 0.14093645484949832
7 0.5267558528428093 0.9658528428093646 0.08839464882943143 0.06832775919732441
7 0.9694314381270903 0.4180602006688963 0.061170568561872904 0.1576588628762542